[0.5, 0.0, 1.0, 1.0, 
0.5, 0.0, 1.0, 1.0, 
0.5, 0.0, 1.0, 1.0, 
0.5, 0.0, 1.0, 1.0, 

0.5, 0.0, 1.0, 1.0, 
0.01, 0.0, -988532.56, 1.0, 
0.01, 0.0, -496842.8, 1.0, 
0.5, 0.0, 1.0, 1.0, 

0.5, 0.0, 1.0, 1.0, 
-1.124998, 0.99999875, 491690.9, 1.0, 
0.03030337, -0.030302908, 1014111.7, 1.0, 
0.5, 0.0, 1.0, 1.0, 

0.5, 0.0, 1.0, 1.0, 
0.5, 0.0, 1.0, 1.0, 
0.5, 0.0, 1.0, 1.0, 
0.5, 0.0, 1.0, 1.0]

[0.5, 0.0, 1.0, 1.0, 
0.5, 0.0, 1.0, 1.0, 
0.5, 0.0, 1.0, 1.0, 
0.5, 0.0, 1.0, 1.0, 

0.5, 0.0, 1.0, 1.0, 
NaN, NaN, NaN, 1.0, 
NaN, NaN, NaN, 1.0, 
0.5, 0.0, 1.0, 1.0, 

[0.5, 0.0, 1.0, 1.0, 
0.5, 0.0, 1.0, 1.0, 
0.5, 0.0, 1.0, 1.0, 
0.5, 0.0, 1.0, 1.0, 
0.5, 0.0, 1.0, 1.0, 

0.5, 0.0, 1.0, 1.0, 
8.0, 0.03037778, 0.555555, 1.0, 
8.0, 0.025377776, 0.555555, 1.0, 
8.0, 0.03037778, 0.555555, 1.0, 
0.5, 0.0, 1.0, 1.0, 

0.5, 0.0, 1.0, 1.0, 
8.0, NaN, 0.555555, 1.0, 
8.0, NaN, 0.555555, 1.0, 
8.0, NaN, 0.555555, 1.0, 
0.5, 0.0, 1.0, 1.0, 

0.5, 0.0, 1.0, 1.0, 8.0, NaN, 0.555555, 1.0, 8.0, NaN, 0.555555, 1.0, 8.0, NaN, 0.555555, 1.0, 0.5, 0.0, 1.0, 1.0, 0.5, 0.0, 1.0, 1.0, 0.5, 0.0, 1.0, 1.0, 0.5, 0.0, 1.0, 1.0, 0.5, 0.0, 1.0, 1.0, 0.5, 0.0, 1.0, 1.0]